{
 "cells": [
  {
   "cell_type": "code",
   "execution_count": 147,
   "id": "88ae8dcb-cc14-41eb-9e4f-f46e44f1fb71",
   "metadata": {},
   "outputs": [],
   "source": [
    "# 2D Lid-driven Cavity\n",
    "# VECTOR-POTENTIAL VORTICITY FORMULATION\n",
    "# Written by Mr A. J. Brierley\n",
    "# Cranfield University, Bedfordshire, UK\n",
    "# 03/06/2025\n"
   ]
  },
  {
   "cell_type": "code",
   "execution_count": 148,
   "id": "7f02772c-828d-40e5-92bc-b725cb9782d9",
   "metadata": {},
   "outputs": [],
   "source": [
    "import numpy as np\n",
    "import math \n",
    "%matplotlib inline\n",
    "%config InlineBackend.figure_format = 'svg'\n",
    "import matplotlib.pyplot as plt\n",
    "import matplotlib.animation as animation\n",
    "from matplotlib import cm\n",
    "plt.rcParams['animation.html'] = 'html5'"
   ]
  },
  {
   "cell_type": "code",
   "execution_count": 149,
   "id": "f5a4a421-6dbe-4d04-b2ea-0f4183783d7e",
   "metadata": {},
   "outputs": [],
   "source": [
    "nx = 32\n",
    "ny = 32\n",
    "nz = 32\n",
    "lx = 1.0\n",
    "ly = 1.0\n",
    "lz = 1.0\n",
    "dx = lx/(nx-1)\n",
    "dy = ly/(ny-1)\n",
    "dz = lz/(nz-1)"
   ]
  },
  {
   "cell_type": "code",
   "execution_count": 150,
   "id": "35c9c8e4-88c8-4dd3-a6ac-522e34902042",
   "metadata": {},
   "outputs": [],
   "source": [
    "Ut = 3.2 # top wall velocity"
   ]
  },
  {
   "cell_type": "code",
   "execution_count": 151,
   "id": "d6d09b6b-6044-4854-a568-508f7cf36d31",
   "metadata": {},
   "outputs": [],
   "source": [
    "# Specify initial values for the streamfunction (psi) and vorticity (Omega)\n",
    "# at t = 0 on the whole domain\n",
    "# Then specify conditions that will produce values at the boundaries at t = 0\n",
    "# And be enforced as the solution is marched through time\n",
    "psix = np.zeros([nx,ny,nz])\n",
    "psiy = np.zeros([nx,ny,nz])\n",
    "psiz = np.zeros([nx,ny,nz])\n",
    "\n",
    "u = np.zeros([nx,ny,nz])\n",
    "v = np.zeros([nx,ny,nz])\n",
    "w = np.zeros([nx,ny,nz])\n",
    "\n",
    "x_coords = np.linspace(0, lx, nx)\n",
    "y_coords = np.linspace(0, ly, ny)\n",
    "z_coords = np.linspace(0, lz, nz)\n",
    "\n",
    "omegax = np.zeros((nx, ny, nz))\n",
    "omegay = np.zeros((nx, ny, nz))\n",
    "omegaz = np.zeros((nx, ny, nz))\n",
    "\n",
    "for i in range(nx):\n",
    "    for j in range(ny):\n",
    "        for k in range(nz):\n",
    "            value = np.sin(np.pi * x_coords[i]) * np.sin(np.pi * y_coords[j]) * np.sin(np.pi * z_coords[k])\n",
    "            omegax[i,j,k] = value\n",
    "            omegay[i,j,k] = value\n",
    "            omegaz[i,j,k] = value\n",
    "            \n",
    "# omegax = np.zeros([nx,ny,nz])\n",
    "# omegay = np.zeros([nx,ny,nz])\n",
    "# omegaz = np.zeros([nx,ny,nz])"
   ]
  },
  {
   "cell_type": "code",
   "execution_count": 152,
   "id": "d75880b3-a97d-4ef5-aaa7-111146ccd946",
   "metadata": {},
   "outputs": [],
   "source": [
    "#------------------------------------------------------\n",
    "# VECTOR-POTENTIAL BOUNDARY CONDITIONS\n",
    "#------------------------------------------------------\n",
    "# Left wall\n",
    "for j in range(ny):     # Not inclusive\n",
    "    for k in range(nz):\n",
    "        psix[0,j,k] = psix[1,j,k]\n",
    "        psiy[0,j,k] = 0.0\n",
    "        psiz[0,j,k] = 0.0\n",
    "\n",
    "# Bottom wall\n",
    "for i in range(nx):\n",
    "    for z in range(nz):\n",
    "        psix[i,0,k] = 0.0\n",
    "        psiy[i,0,k] = psiy[i,0,k]\n",
    "        psiz[i,0,k] = 0.0\n",
    "\n",
    "# Right wall \n",
    "for j in range(ny):\n",
    "    for z in range(nz):\n",
    "        psix[nx-1,j,k] = psix[nx-2,j,k]  # Here, nx will try to index 13 which is outside the 0 to 13 exclusive range\n",
    "        psiy[nx-1,j,k] = 0.0\n",
    "        psiz[nx-1,j,k] = 0.0\n",
    "\n",
    "# Top wall\n",
    "for i in range(nx):\n",
    "    for z in range(nz):\n",
    "        psix[i,ny-1,k] = 0.0\n",
    "        psiy[i,ny-1,k] = psiy[i,ny-2,k]\n",
    "        psiz[i,ny-1,k] = 0.0\n",
    "\n",
    "# Front wall\n",
    "for i in range(nx):\n",
    "    for j in range(ny):\n",
    "        psix[i,j,0] = 0.0\n",
    "        psiy[i,j,0] = 0.0\n",
    "        psiz[i,j,0] = psiz[i,j,1]\n",
    "\n",
    "# Back wall\n",
    "for i in range(nx):\n",
    "    for j in range(ny):\n",
    "        psix[i,j,nz-1] = 0.0\n",
    "        psiy[i,j,nz-1] = 0.0\n",
    "        psiz[i,j,nz-1] = psiz[i,j,nz-2]"
   ]
  },
  {
   "cell_type": "code",
   "execution_count": 153,
   "id": "b13e70ae-b429-44fe-ad47-0efa583f27cd",
   "metadata": {},
   "outputs": [],
   "source": [
    "#------------------------------------------------\n",
    "# VORTICITY BOUNDARY CONDITIONS \n",
    "#------------------------------------------------\n",
    "# Left wall\n",
    "for j in range(ny):\n",
    "    for k in range(nz):\n",
    "        omegax[0,j,k] = 0.0\n",
    "        omegay[0,j,k] = - w[1,j,k]/dx\n",
    "        omegaz[0,j,k] = v[1,j,k]/dx\n",
    "# Right wall\n",
    "for j in range(ny):\n",
    "    for k in range(nz):\n",
    "        omegax[nx-1,j,k] = 0.0\n",
    "        omegay[nx-1,j,k] = w[nx-2,j,k]/dx\n",
    "        omegaz[nx-1,j,k] = -v[nx-2,j,k]/dx\n",
    "# Lower wall \n",
    "for i in range(nx):  # starting from 0 and exclusive\n",
    "    for k in range(nz):\n",
    "        omegax[i,0,k] = w[i,1,k]/dy\n",
    "        omegay[i,0,k] = 0.0\n",
    "        omegaz[i,0,k] = -u[i,1,k]/dy\n",
    "# Front wall\n",
    "for i in range(nx):\n",
    "    for j in range(ny):\n",
    "        omegax[i,j,0] = -v[i,j,1]/dz\n",
    "        omegay[i,j,0] = u[i,j,1]/dz\n",
    "        omegaz[i,j,0] = 0.0\n",
    "# Back wall \n",
    "for i in range(nx):\n",
    "    for j in range(ny):\n",
    "        omegax[i,j,nz-1] = v[i,j,nz-2]/dz\n",
    "        omegay[i,j,nz-1] = -u[i,j,nz-2]/dz\n",
    "        omegaz[i,j,nz-1] = 0.0\n",
    "# Top wall \n",
    "for i in range(nx):\n",
    "    for k in range(nz-1):  # NOTE: dodgy bit\n",
    "        # BOX\n",
    "        omegax[i,ny-1,k] = -w[i,ny-2,k]/dy\n",
    "        omegay[i,ny-1,k] = 0.0\n",
    "        omegaz[i,ny-1,k] = -u[i,ny-1,k]/dy\n",
    "\n",
    "        # DRIVEN. Prescribe u above on the boundary.\n",
    "        # omegax[i,ny-1,k] = -w[i,ny-2,k]\n",
    "        # omegay[i,ny-1,k] = (u[i,ny-1,k+1] - u[i,ny-2,k])/(2*dz)\n",
    "        # omegax[i,ny-1,k] = -(u[i,ny-1,k]-u[i,ny-2,k])/(2*dx)"
   ]
  },
  {
   "cell_type": "code",
   "execution_count": 154,
   "id": "0153c29b-642f-45dd-af50-e97762d7bbe0",
   "metadata": {},
   "outputs": [],
   "source": [
    "# Solution Storage\n",
    "psixsol = []\n",
    "psiysol = []\n",
    "psizsol = []\n",
    "psixsol.append\n",
    "psiysol.append\n",
    "psizsol.append\n",
    "omegasol = []\n",
    "omegasol.append(omega)"
   ]
  },
  {
   "cell_type": "code",
   "execution_count": 155,
   "id": "0cd534da-aaf0-4a31-a1f2-f4ca6c25e10c",
   "metadata": {},
   "outputs": [
    {
     "name": "stdout",
     "output_type": "stream",
     "text": [
      "dt = 0.01953125 s\n",
      "Re = 64.0\n"
     ]
    }
   ],
   "source": [
    "# Time stepping\n",
    "t = 0.0  # initial time and time counter\n",
    "v = 0.05  # nu\n",
    "dt = min(0.25*dx*dx/v, 4*v/Ut/Ut)\n",
    "tend = 1000*dt\n",
    "print('dt =', dt, 's')\n",
    "print('Re =', Ut*lx/v)"
   ]
  },
  {
   "cell_type": "code",
   "execution_count": 156,
   "id": "2600415d-ae3e-4c58-93c6-6ef3e69b011e",
   "metadata": {},
   "outputs": [
    {
     "name": "stdout",
     "output_type": "stream",
     "text": [
      "0.09365130999147193\n",
      "0.05401083587523957\n",
      "0.030402717655308102\n",
      "0.016066351988462495\n",
      "0.007920146750136685\n",
      "0.003949420306048724\n",
      "0.0024083972591034688\n",
      "0.001651688107148238\n",
      "0.001011631682655969\n",
      "0.0005346097341471884\n",
      "psix =  [[[0.         0.         0.         0.         0.         0.\n",
      "   0.        ]\n",
      "  [0.         0.         0.         0.         0.         0.\n",
      "   0.        ]\n",
      "  [0.         0.         0.         0.         0.         0.\n",
      "   0.        ]\n",
      "  [0.         0.         0.         0.         0.         0.\n",
      "   0.        ]\n",
      "  [0.         0.         0.         0.         0.         0.\n",
      "   0.        ]\n",
      "  [0.         0.         0.         0.         0.         0.\n",
      "   0.        ]\n",
      "  [0.         0.         0.         0.         0.         0.\n",
      "   0.        ]]\n",
      "\n",
      " [[0.         0.         0.         0.         0.         0.\n",
      "   0.        ]\n",
      "  [0.         0.0043676  0.00751275 0.0086216  0.00744518 0.00429618\n",
      "   0.        ]\n",
      "  [0.         0.00751275 0.01293406 0.0148899  0.01289871 0.0074699\n",
      "   0.        ]\n",
      "  [0.         0.0086216  0.0148899  0.01720507 0.01495005 0.00863449\n",
      "   0.        ]\n",
      "  [0.         0.00744518 0.01289871 0.01495005 0.01294852 0.00747728\n",
      "   0.        ]\n",
      "  [0.         0.00429618 0.0074699  0.00863449 0.00747728 0.00431761\n",
      "   0.        ]\n",
      "  [0.         0.         0.         0.         0.         0.\n",
      "   0.        ]]\n",
      "\n",
      " [[0.         0.         0.         0.         0.         0.\n",
      "   0.        ]\n",
      "  [0.         0.00751275 0.01293406 0.0148899  0.01289871 0.0074699\n",
      "   0.        ]\n",
      "  [0.         0.01293406 0.02233887 0.02581043 0.02241244 0.01295001\n",
      "   0.        ]\n",
      "  [0.         0.0148899  0.02581043 0.0298851  0.02588987 0.01495536\n",
      "   0.        ]\n",
      "  [0.         0.01289871 0.02241244 0.02588987 0.02243227 0.01295473\n",
      "   0.        ]\n",
      "  [0.         0.0074699  0.01295001 0.01495536 0.01295473 0.00748086\n",
      "   0.        ]\n",
      "  [0.         0.         0.         0.         0.         0.\n",
      "   0.        ]]\n",
      "\n",
      " [[0.         0.         0.         0.         0.         0.\n",
      "   0.        ]\n",
      "  [0.         0.0086216  0.0148899  0.01720507 0.01495005 0.00863449\n",
      "   0.        ]\n",
      "  [0.         0.0148899  0.02581043 0.0298851  0.02588987 0.01495536\n",
      "   0.        ]\n",
      "  [0.         0.01720507 0.0298851  0.03451075 0.02990998 0.01727424\n",
      "   0.        ]\n",
      "  [0.         0.01495005 0.02588987 0.02990998 0.0259102  0.01496248\n",
      "   0.        ]\n",
      "  [0.         0.00863449 0.01495536 0.01727424 0.01496248 0.00863974\n",
      "   0.        ]\n",
      "  [0.         0.         0.         0.         0.         0.\n",
      "   0.        ]]\n",
      "\n",
      " [[0.         0.         0.         0.         0.         0.\n",
      "   0.        ]\n",
      "  [0.         0.00744518 0.01289871 0.01495005 0.01294852 0.00747728\n",
      "   0.        ]\n",
      "  [0.         0.01289871 0.02241244 0.02588987 0.02243227 0.01295473\n",
      "   0.        ]\n",
      "  [0.         0.01495005 0.02588987 0.02990998 0.0259102  0.01496248\n",
      "   0.        ]\n",
      "  [0.         0.01294852 0.02243227 0.0259102  0.02244392 0.01295979\n",
      "   0.        ]\n",
      "  [0.         0.00747728 0.01295473 0.01496248 0.01295979 0.0074829\n",
      "   0.        ]\n",
      "  [0.         0.         0.         0.         0.         0.\n",
      "   0.        ]]\n",
      "\n",
      " [[0.         0.         0.         0.         0.         0.\n",
      "   0.        ]\n",
      "  [0.         0.00429618 0.0074699  0.00863449 0.00747728 0.00431761\n",
      "   0.        ]\n",
      "  [0.         0.0074699  0.01295001 0.01495536 0.01295473 0.00748086\n",
      "   0.        ]\n",
      "  [0.         0.00863449 0.01495536 0.01727424 0.01496248 0.00863974\n",
      "   0.        ]\n",
      "  [0.         0.00747728 0.01295473 0.01496248 0.01295979 0.0074829\n",
      "   0.        ]\n",
      "  [0.         0.00431761 0.00748086 0.00863974 0.0074829  0.00432034\n",
      "   0.        ]\n",
      "  [0.         0.         0.         0.         0.         0.\n",
      "   0.        ]]\n",
      "\n",
      " [[0.         0.         0.         0.         0.         0.\n",
      "   0.        ]\n",
      "  [0.         0.         0.         0.         0.         0.\n",
      "   0.        ]\n",
      "  [0.         0.         0.         0.         0.         0.\n",
      "   0.        ]\n",
      "  [0.         0.         0.         0.         0.         0.\n",
      "   0.        ]\n",
      "  [0.         0.         0.         0.         0.         0.\n",
      "   0.        ]\n",
      "  [0.         0.         0.         0.         0.         0.\n",
      "   0.        ]\n",
      "  [0.         0.         0.         0.         0.         0.\n",
      "   0.        ]]]\n",
      "psiy =  [[[0.         0.         0.         0.         0.         0.\n",
      "   0.        ]\n",
      "  [0.         0.         0.         0.         0.         0.\n",
      "   0.        ]\n",
      "  [0.         0.         0.         0.         0.         0.\n",
      "   0.        ]\n",
      "  [0.         0.         0.         0.         0.         0.\n",
      "   0.        ]\n",
      "  [0.         0.         0.         0.         0.         0.\n",
      "   0.        ]\n",
      "  [0.         0.         0.         0.         0.         0.\n",
      "   0.        ]\n",
      "  [0.         0.         0.         0.         0.         0.\n",
      "   0.        ]]\n",
      "\n",
      " [[0.         0.         0.         0.         0.         0.\n",
      "   0.        ]\n",
      "  [0.         0.0043676  0.00751275 0.0086216  0.00744518 0.00429618\n",
      "   0.        ]\n",
      "  [0.         0.00751275 0.01293406 0.0148899  0.01289871 0.0074699\n",
      "   0.        ]\n",
      "  [0.         0.0086216  0.0148899  0.01720507 0.01495005 0.00863449\n",
      "   0.        ]\n",
      "  [0.         0.00744518 0.01289871 0.01495005 0.01294852 0.00747728\n",
      "   0.        ]\n",
      "  [0.         0.00429618 0.0074699  0.00863449 0.00747728 0.00431761\n",
      "   0.        ]\n",
      "  [0.         0.         0.         0.         0.         0.\n",
      "   0.        ]]\n",
      "\n",
      " [[0.         0.         0.         0.         0.         0.\n",
      "   0.        ]\n",
      "  [0.         0.00751275 0.01293406 0.0148899  0.01289871 0.0074699\n",
      "   0.        ]\n",
      "  [0.         0.01293406 0.02233887 0.02581043 0.02241244 0.01295001\n",
      "   0.        ]\n",
      "  [0.         0.0148899  0.02581043 0.0298851  0.02588987 0.01495536\n",
      "   0.        ]\n",
      "  [0.         0.01289871 0.02241244 0.02588987 0.02243227 0.01295473\n",
      "   0.        ]\n",
      "  [0.         0.0074699  0.01295001 0.01495536 0.01295473 0.00748086\n",
      "   0.        ]\n",
      "  [0.         0.         0.         0.         0.         0.\n",
      "   0.        ]]\n",
      "\n",
      " [[0.         0.         0.         0.         0.         0.\n",
      "   0.        ]\n",
      "  [0.         0.0086216  0.0148899  0.01720507 0.01495005 0.00863449\n",
      "   0.        ]\n",
      "  [0.         0.0148899  0.02581043 0.0298851  0.02588987 0.01495536\n",
      "   0.        ]\n",
      "  [0.         0.01720507 0.0298851  0.03451075 0.02990998 0.01727424\n",
      "   0.        ]\n",
      "  [0.         0.01495005 0.02588987 0.02990998 0.0259102  0.01496248\n",
      "   0.        ]\n",
      "  [0.         0.00863449 0.01495536 0.01727424 0.01496248 0.00863974\n",
      "   0.        ]\n",
      "  [0.         0.         0.         0.         0.         0.\n",
      "   0.        ]]\n",
      "\n",
      " [[0.         0.         0.         0.         0.         0.\n",
      "   0.        ]\n",
      "  [0.         0.00744518 0.01289871 0.01495005 0.01294852 0.00747728\n",
      "   0.        ]\n",
      "  [0.         0.01289871 0.02241244 0.02588987 0.02243227 0.01295473\n",
      "   0.        ]\n",
      "  [0.         0.01495005 0.02588987 0.02990998 0.0259102  0.01496248\n",
      "   0.        ]\n",
      "  [0.         0.01294852 0.02243227 0.0259102  0.02244392 0.01295979\n",
      "   0.        ]\n",
      "  [0.         0.00747728 0.01295473 0.01496248 0.01295979 0.0074829\n",
      "   0.        ]\n",
      "  [0.         0.         0.         0.         0.         0.\n",
      "   0.        ]]\n",
      "\n",
      " [[0.         0.         0.         0.         0.         0.\n",
      "   0.        ]\n",
      "  [0.         0.00429618 0.0074699  0.00863449 0.00747728 0.00431761\n",
      "   0.        ]\n",
      "  [0.         0.0074699  0.01295001 0.01495536 0.01295473 0.00748086\n",
      "   0.        ]\n",
      "  [0.         0.00863449 0.01495536 0.01727424 0.01496248 0.00863974\n",
      "   0.        ]\n",
      "  [0.         0.00747728 0.01295473 0.01496248 0.01295979 0.0074829\n",
      "   0.        ]\n",
      "  [0.         0.00431761 0.00748086 0.00863974 0.0074829  0.00432034\n",
      "   0.        ]\n",
      "  [0.         0.         0.         0.         0.         0.\n",
      "   0.        ]]\n",
      "\n",
      " [[0.         0.         0.         0.         0.         0.\n",
      "   0.        ]\n",
      "  [0.         0.         0.         0.         0.         0.\n",
      "   0.        ]\n",
      "  [0.         0.         0.         0.         0.         0.\n",
      "   0.        ]\n",
      "  [0.         0.         0.         0.         0.         0.\n",
      "   0.        ]\n",
      "  [0.         0.         0.         0.         0.         0.\n",
      "   0.        ]\n",
      "  [0.         0.         0.         0.         0.         0.\n",
      "   0.        ]\n",
      "  [0.         0.         0.         0.         0.         0.\n",
      "   0.        ]]]\n",
      "psiz =  [[[0.         0.         0.         0.         0.         0.\n",
      "   0.        ]\n",
      "  [0.         0.         0.         0.         0.         0.\n",
      "   0.        ]\n",
      "  [0.         0.         0.         0.         0.         0.\n",
      "   0.        ]\n",
      "  [0.         0.         0.         0.         0.         0.\n",
      "   0.        ]\n",
      "  [0.         0.         0.         0.         0.         0.\n",
      "   0.        ]\n",
      "  [0.         0.         0.         0.         0.         0.\n",
      "   0.        ]\n",
      "  [0.         0.         0.         0.         0.         0.\n",
      "   0.        ]]\n",
      "\n",
      " [[0.         0.         0.         0.         0.         0.\n",
      "   0.        ]\n",
      "  [0.         0.0043676  0.00751275 0.0086216  0.00744518 0.00429618\n",
      "   0.        ]\n",
      "  [0.         0.00751275 0.01293406 0.0148899  0.01289871 0.0074699\n",
      "   0.        ]\n",
      "  [0.         0.0086216  0.0148899  0.01720507 0.01495005 0.00863449\n",
      "   0.        ]\n",
      "  [0.         0.00744518 0.01289871 0.01495005 0.01294852 0.00747728\n",
      "   0.        ]\n",
      "  [0.         0.00429618 0.0074699  0.00863449 0.00747728 0.00431761\n",
      "   0.        ]\n",
      "  [0.         0.         0.         0.         0.         0.\n",
      "   0.        ]]\n",
      "\n",
      " [[0.         0.         0.         0.         0.         0.\n",
      "   0.        ]\n",
      "  [0.         0.00751275 0.01293406 0.0148899  0.01289871 0.0074699\n",
      "   0.        ]\n",
      "  [0.         0.01293406 0.02233887 0.02581043 0.02241244 0.01295001\n",
      "   0.        ]\n",
      "  [0.         0.0148899  0.02581043 0.0298851  0.02588987 0.01495536\n",
      "   0.        ]\n",
      "  [0.         0.01289871 0.02241244 0.02588987 0.02243227 0.01295473\n",
      "   0.        ]\n",
      "  [0.         0.0074699  0.01295001 0.01495536 0.01295473 0.00748086\n",
      "   0.        ]\n",
      "  [0.         0.         0.         0.         0.         0.\n",
      "   0.        ]]\n",
      "\n",
      " [[0.         0.         0.         0.         0.         0.\n",
      "   0.        ]\n",
      "  [0.         0.0086216  0.0148899  0.01720507 0.01495005 0.00863449\n",
      "   0.        ]\n",
      "  [0.         0.0148899  0.02581043 0.0298851  0.02588987 0.01495536\n",
      "   0.        ]\n",
      "  [0.         0.01720507 0.0298851  0.03451075 0.02990998 0.01727424\n",
      "   0.        ]\n",
      "  [0.         0.01495005 0.02588987 0.02990998 0.0259102  0.01496248\n",
      "   0.        ]\n",
      "  [0.         0.00863449 0.01495536 0.01727424 0.01496248 0.00863974\n",
      "   0.        ]\n",
      "  [0.         0.         0.         0.         0.         0.\n",
      "   0.        ]]\n",
      "\n",
      " [[0.         0.         0.         0.         0.         0.\n",
      "   0.        ]\n",
      "  [0.         0.00744518 0.01289871 0.01495005 0.01294852 0.00747728\n",
      "   0.        ]\n",
      "  [0.         0.01289871 0.02241244 0.02588987 0.02243227 0.01295473\n",
      "   0.        ]\n",
      "  [0.         0.01495005 0.02588987 0.02990998 0.0259102  0.01496248\n",
      "   0.        ]\n",
      "  [0.         0.01294852 0.02243227 0.0259102  0.02244392 0.01295979\n",
      "   0.        ]\n",
      "  [0.         0.00747728 0.01295473 0.01496248 0.01295979 0.0074829\n",
      "   0.        ]\n",
      "  [0.         0.         0.         0.         0.         0.\n",
      "   0.        ]]\n",
      "\n",
      " [[0.         0.         0.         0.         0.         0.\n",
      "   0.        ]\n",
      "  [0.         0.00429618 0.0074699  0.00863449 0.00747728 0.00431761\n",
      "   0.        ]\n",
      "  [0.         0.0074699  0.01295001 0.01495536 0.01295473 0.00748086\n",
      "   0.        ]\n",
      "  [0.         0.00863449 0.01495536 0.01727424 0.01496248 0.00863974\n",
      "   0.        ]\n",
      "  [0.         0.00747728 0.01295473 0.01496248 0.01295979 0.0074829\n",
      "   0.        ]\n",
      "  [0.         0.00431761 0.00748086 0.00863974 0.0074829  0.00432034\n",
      "   0.        ]\n",
      "  [0.         0.         0.         0.         0.         0.\n",
      "   0.        ]]\n",
      "\n",
      " [[0.         0.         0.         0.         0.         0.\n",
      "   0.        ]\n",
      "  [0.         0.         0.         0.         0.         0.\n",
      "   0.        ]\n",
      "  [0.         0.         0.         0.         0.         0.\n",
      "   0.        ]\n",
      "  [0.         0.         0.         0.         0.         0.\n",
      "   0.        ]\n",
      "  [0.         0.         0.         0.         0.         0.\n",
      "   0.        ]\n",
      "  [0.         0.         0.         0.         0.         0.\n",
      "   0.        ]\n",
      "  [0.         0.         0.         0.         0.         0.\n",
      "   0.        ]]]\n",
      "iteration = 0\n",
      "err = 0.0005346097341471884\n"
     ]
    }
   ],
   "source": [
    "#-----------------------------------------------------\n",
    "# SOLVE THREE VECTOR-POTENTIAL POISSON EQUATIONS\n",
    "#-----------------------------------------------------\n",
    "maxIt = 100\n",
    "err = 1e5\n",
    "tol = 1e-3\n",
    "beta = 1.5\n",
    "# Start main time loop\n",
    "while t < tend:\n",
    "    it = 0\n",
    "    while err > tol and it < maxIt:\n",
    "        psikx = psix.copy() # Stores the previous value\n",
    "        psiky = psiy.copy()\n",
    "        psikz = psiz.copy()\n",
    "        # Solve vector-potential Poisson for psix\n",
    "        for i in range(1,nx-1):\n",
    "            for j in range(1,ny-1):\n",
    "                for k in range(1,nz-1):\n",
    "                    psix[i,j,k] = dx**2*dy**2*dz**2*omegax[i,j,k] + \\\n",
    "                                    dy**2*dz**2*(psix[i+1,j,k] + psix[i-1,j,k]) + \\\n",
    "                                    dx**2*dz**2*(psix[i,j+1,k] + psix[i,j-1,k]) + \\\n",
    "                                    dx**2*dy**2*(psix[i,j,k+1] + psix[i,j,k-1])\n",
    "                    psix[i,j,k] = beta * psix[i,j,k]/(2*(dz**2*dy**2 + dx**2*dz**2 + dx**2*dy**2)) + (1-beta)*psikx[i,j,k]\n",
    "    \n",
    "        # Solve vector-potential Poisson for psiy\n",
    "        for i in range(1,nx-1):\n",
    "            for j in range(1,ny-1):\n",
    "                for k in range(1,nz-1):\n",
    "                    psiy[i,j,k] = dx**2*dy**2*dz**2*omegay[i,j,k] + \\\n",
    "                                    dy**2*dz**2*(psiy[i+1,j,k] + psiy[i-1,j,k]) + \\\n",
    "                                    dx**2*dz**2*(psiy[i,j+1,k] + psiy[i,j-1,k]) + \\\n",
    "                                    dx**2*dy**2*(psiy[i,j,k+1] + psiy[i,j,k-1])\n",
    "                    psiy[i,j,k] = beta * psiy[i,j,k]/(2*(dz**2*dy**2 + dx**2*dz**2 + dx**2*dy**2)) + (1-beta)*psiky[i,j,k]\n",
    "    \n",
    "        # Solve vector-potential Poisson for psiz\n",
    "        for i in range(1,nx-1):\n",
    "            for j in range(1,ny-1):\n",
    "                for k in range(1,nz-1):\n",
    "                    psiz[i,j,k] = dx**2*dy**2*dz**2*omegaz[i,j,k] + \\\n",
    "                                    dy**2*dz**2*(psiz[i+1,j,k] + psiz[i-1,j,k]) + \\\n",
    "                                    dx**2*dz**2*(psiz[i,j+1,k] + psiz[i,j-1,k]) + \\\n",
    "                                    dx**2*dy**2*(psiz[i,j,k+1] + psiz[i,j,k-1])\n",
    "                    psiz[i,j,k] = beta * psiz[i,j,k]/(2*(dz**2*dy**2 + dx**2*dz**2 + dx**2*dy**2)) + (1-beta)*psikz[i,j,k]\n",
    "    \n",
    "        err_x = np.linalg.norm(psix.ravel() - psikx.ravel())\n",
    "        err_y = np.linalg.norm(psiy.ravel() - psiky.ravel())\n",
    "        err_z = np.linalg.norm(psiz.ravel() - psikz.ravel())\n",
    "        err = max(err_x, err_y, err_z)\n",
    "        print(err)\n",
    "        it = it + 1\n",
    "    \n",
    "    t = t + dt\n",
    "    \n",
    "print(f\"psix = \", psix)\n",
    "print(f\"psiy = \", psiy)\n",
    "print(f\"psiz = \", psiz)\n",
    "print(f\"iteration =\", it)\n",
    "print(f\"err =\", err)\n",
    "\n",
    "X, Y, Z = np.meshgrid(x_coords, y_coords, z_coords, indexing='ij')\n",
    "omegax_analytical = np.sin(np.pi * X) * np.sin(np.pi * Y) * np.sin(np.pi * Z)\n",
    "analytical_psix = -omegax_analytical / (3 * np.pi**2)\n",
    "\n",
    "plt.figure(figsize=(8, 6))\n",
    "plt.contourf(X[:, :, nz//2], Y[:, :, nz//2], psix[:, :, nz//2], cmap='viridis', levels=20)\n",
    "plt.colorbar(label='psix')\n",
    "plt.title('Numerical psix at z = Lz/2')\n",
    "plt.xlabel('x')\n",
    "plt.ylabel('y')\n",
    "plt.savefig('psix_numerical.png')\n",
    "plt.close()\n",
    "\n",
    "# Visualize analytical solution for comparison\n",
    "plt.figure(figsize=(8, 6))\n",
    "plt.contourf(X[:, :, nz//2], Y[:, :, nz//2], analytical_psix[:, :, nz//2], cmap='viridis', levels=20)\n",
    "plt.colorbar(label='Analytical psix')\n",
    "plt.title('Analytical psix at z = Lz/2')\n",
    "plt.xlabel('x')\n",
    "plt.ylabel('y')\n",
    "plt.savefig('psix_analytical.png')\n",
    "plt.close()\n",
    "\n",
    "# Visualize difference (error) between numerical and analytical\n",
    "plt.figure(figsize=(8, 6))\n",
    "plt.contourf(X[:, :, nz//2], Y[:, :, nz//2], psix[:, :, nz//2] - analytical_psix[:, :, nz//2], cmap='RdBu', levels=20)\n",
    "plt.colorbar(label='Error (psix - analytical)')\n",
    "plt.title('Error in psix at z = Lz/2')\n",
    "plt.xlabel('x')\n",
    "plt.ylabel('y')\n",
    "plt.savefig('psix_error.png')\n",
    "plt.close()"
   ]
  },
  {
   "cell_type": "code",
   "execution_count": null,
   "id": "49cd63e7-65a0-472d-afde-1dc4c2560633",
   "metadata": {},
   "outputs": [],
   "source": []
  }
 ],
 "metadata": {
  "kernelspec": {
   "display_name": "Python 3 (ipykernel)",
   "language": "python",
   "name": "python3"
  },
  "language_info": {
   "codemirror_mode": {
    "name": "ipython",
    "version": 3
   },
   "file_extension": ".py",
   "mimetype": "text/x-python",
   "name": "python",
   "nbconvert_exporter": "python",
   "pygments_lexer": "ipython3",
   "version": "3.12.3"
  }
 },
 "nbformat": 4,
 "nbformat_minor": 5
}
